2 1 1 

0.000000 0.000000 0.000000 0.166667 0.000000 0.166667 0.166667 -0.001667

5 1 1

0.000000 0.000000 0.000000 0.000000 0.000000 0.000000 0.000000 0.000000 0.000000 0.000000 0.000000 0.000000 0.000000 0.000000 0.000000 0.000000 0.000000 0.000000 0.000000 0.000000 0.000000 0.000000 0.000000 0.000000 0.000000 0.000000 0.000000 0.000000 0.000000 0.000000 0.000000 0.000000 0.000000 0.000000 0.000000 0.000000 0.000000 0.166667 0.000000 0.000000 0.000000 0.000000 0.000000 0.000000 0.000000 0.000000 0.000000 0.000000 0.000000 0.000000 0.000000 0.000000 0.000000 0.000000 0.000000 0.000000 0.000000 0.166667 0.000000 0.000000 0.000000 0.166667 -0.001667 0.166667 0.000000 0.000000 0.000000 0.166667 0.000000 0.000000 0.000000 0.000000 0.000000 0.000000 0.000000 0.000000 0.000000 0.000000 0.000000 0.000000 0.000000 0.000000 0.000000 0.000000 0.000000 0.000000 0.000000 0.166667 0.000000 0.000000 0.000000 0.000000 0.000000 0.000000 0.000000 0.000000 0.000000 0.000000 0.000000 0.000000 0.000000 0.000000 0.000000 0.000000 0.000000 0.000000 0.000000 0.000000 0.000000 0.000000 0.000000 0.000000 0.000000 0.000000 0.000000 0.000000 0.000000 0.000000 0.000000 0.000000 0.000000 0.000000 0.000000 0.000000 0.000000

5 5

0.000000 0.003858 -0.000008 0.003858 0.000000 0.003858 -0.000015 0.013480 -0.000015 0.003858 -0.000008 0.013480 -0.000081 0.013480 -0.000008 0.003858 -0.000015 0.013480 -0.000015 0.003858 0.000000 0.003858 -0.000008 0.003858 0.000000 0.003858 -0.000015 0.013480 -0.000015 0.003858 -0.000015 0.023102 -0.000154 0.023102 -0.000015 0.013480 -0.000154 0.039344 -0.000154 0.013480 -0.000015 0.023102 -0.000154 0.023102 -0.000015 0.003858 -0.000015 0.013480 -0.000015 0.003858 -0.000008 0.013480 -0.000081 0.013480 -0.000008 0.013480 -0.000154 0.039344 -0.000154 0.013480 -0.000081 0.039344 -0.002060 0.039344 -0.000081 0.013480 -0.000154 0.039344 -0.000154 0.013480 -0.000008 0.013480 -0.000081 0.013480 -0.000008 0.003858 -0.000015 0.013480 -0.000015 0.003858 -0.000015 0.023102 -0.000154 0.023102 -0.000015 0.013480 -0.000154 0.039344 -0.000154 0.013480 -0.000015 0.023102 -0.000154 0.023102 -0.000015 0.003858 -0.000015 0.013480 -0.000015 0.003858 0.000000 0.003858 -0.000008 0.003858 0.000000 0.003858 -0.000015 0.013480 -0.000015 0.003858 -0.000008 0.013480 -0.000081 0.013480 -0.000008 0.003858 -0.000015 0.013480 -0.000015 0.003858 0.000000 0.003858 -0.000008 0.003858 0.000000


6 6 2

0.000000 0.000000 0.000000 0.000429 0.000000 0.000000 0.000000 0.000000 0.001286 -0.000002 0.001286 0.000000 0.000000 0.001286 -0.000004 0.004367 -0.000004 0.001286 0.000429 -0.000002 0.004367 -0.000017 0.004367 -0.000002 0.000000 0.001286 -0.000004 0.004367 -0.000004 0.001286 0.000000 0.000000 0.001286 -0.000002 0.001286 0.000000 0.000000 0.000000 0.001286 -0.000002 0.001286 0.000000 0.000000 0.001929 -0.000006 0.006422 -0.000006 0.001929 0.001286 -0.000006 0.010273 -0.000047 0.010273 -0.000006 -0.000002 0.006422 -0.000047 0.016936 -0.000047 0.006101 0.001286 -0.000006 0.010273 -0.000047 0.010273 -0.000006 0.000000 0.001929 -0.000006 0.006101 -0.000006 0.001929 0.000000 0.001286 -0.000004 0.004367 -0.000004 0.001286 0.001286 -0.000006 0.010273 -0.000047 0.010273 -0.000006 -0.000004 0.010273 -0.000085 0.025566 -0.000085 0.009630 0.004367 -0.000047 0.025566 -0.000460 0.025437 -0.000046 -0.000004 0.010273 -0.000085 0.025437 -0.000085 0.009630 0.001286 -0.000006 0.009630 -0.000046 0.009630 -0.000006 0.000429 -0.000002 0.004367 -0.000017 0.004367 -0.000002 -0.000002 0.006422 -0.000047 0.016936 -0.000047 0.006101 0.004367 -0.000047 0.025566 -0.000460 0.025437 -0.000046 -0.000017 0.016936 -0.000460 0.037742 -0.000460 0.015544 0.004367 -0.000047 0.025437 -0.000460 0.025309 -0.000046 -0.000002 0.006101 -0.000046 0.015544 -0.000046 0.005779 0.000000 0.001286 -0.000004 0.004367 -0.000004 0.001286 0.001286 -0.000006 0.010273 -0.000047 0.010273 -0.000006 -0.000004 0.010273 -0.000085 0.025437 -0.000085 0.009630 0.004367 -0.000047 0.025437 -0.000460 0.025309 -0.000046 -0.000004 0.010273 -0.000085 0.025309 -0.000085 0.009630 0.001286 -0.000006 0.009630 -0.000046 0.009630 -0.000006 0.000000 0.000000 0.001286 -0.000002 0.001286 0.000000 0.000000 0.001929 -0.000006 0.006101 -0.000006 0.001929 0.001286 -0.000006 0.009630 -0.000046 0.009630 -0.000006 -0.000002 0.006101 -0.000046 0.015544 -0.000046 0.005779 0.001286 -0.000006 0.009630 -0.000046 0.009630 -0.000006 0.000000 0.001929 -0.000006 0.005779 -0.000006 0.001929

6 6 1

0.000000 0.000000 0.000000 0.000429 0.000000 0.000000 0.000000 0.000000 0.001286 -0.000002 0.001286 0.000000 0.000000 0.001286 -0.000004 0.004367 -0.000004 0.001286 0.000429 -0.000002 0.004367 -0.000017 0.004367 -0.000002 0.000000 0.001286 -0.000004 0.004367 -0.000004 0.001286 0.000000 0.000000 0.001286 -0.000002 0.001286 0.000000 0.000000 0.000000 0.001286 -0.000002 0.001286 0.000000 0.000000 0.001929 -0.000006 0.006422 -0.000006 0.001929 0.001286 -0.000006 0.010273 -0.000047 0.010273 -0.000006 -0.000002 0.006422 -0.000047 0.016936 -0.000047 0.006101 0.001286 -0.000006 0.010273 -0.000047 0.010273 -0.000006 0.000000 0.001929 -0.000006 0.006101 -0.000006 0.001929 0.000000 0.001286 -0.000004 0.004367 -0.000004 0.001286 0.001286 -0.000006 0.010273 -0.000047 0.010273 -0.000006 -0.000004 0.010273 -0.000085 0.025566 -0.000085 0.009630 0.004367 -0.000047 0.025566 -0.000460 0.025437 -0.000046 -0.000004 0.010273 -0.000085 0.025437 -0.000085 0.009630 0.001286 -0.000006 0.009630 -0.000046 0.009630 -0.000006 0.000429 -0.000002 0.004367 -0.000017 0.004367 -0.000002 -0.000002 0.006422 -0.000047 0.016936 -0.000047 0.006101 0.004367 -0.000047 0.025566 -0.000460 0.025437 -0.000046 -0.000017 0.016936 -0.000460 0.037742 -0.000460 0.015544 0.004367 -0.000047 0.025437 -0.000460 0.025309 -0.000046 -0.000002 0.006101 -0.000046 0.015544 -0.000046 0.005779 0.000000 0.001286 -0.000004 0.004367 -0.000004 0.001286 0.001286 -0.000006 0.010273 -0.000047 0.010273 -0.000006 -0.000004 0.010273 -0.000085 0.025437 -0.000085 0.009630 0.004367 -0.000047 0.025437 -0.000460 0.025309 -0.000046 -0.000004 0.010273 -0.000085 0.025309 -0.000085 0.009630 0.001286 -0.000006 0.009630 -0.000046 0.009630 -0.000006 0.000000 0.000000 0.001286 -0.000002 0.001286 0.000000 0.000000 0.001929 -0.000006 0.006101 -0.000006 0.001929 0.001286 -0.000006 0.009630 -0.000046 0.009630 -0.000006 -0.000002 0.006101 -0.000046 0.015544 -0.000046 0.005779 0.001286 -0.000006 0.009630 -0.000046 0.009630 -0.000006 0.000000 0.001929 -0.000006 0.005779 -0.000006 0.001929 
